<svg width="57" height="47" viewBox="0 0 57 47" fill="none" xmlns="http://www.w3.org/2000/svg">
<path d="M38.9235 1.05194C40.9913 2.70694 41.3258 5.72505 39.6709 7.79282C38.0157 9.86053 34.9978 10.195 32.93 8.53984C30.8621 6.88484 30.5276 3.86673 32.1826 1.79896C33.8376 -0.268755 36.8557 -0.603256 38.9235 1.05194Z" fill="#2B4666"/>
<path d="M26.0167 23.3955C25.8215 23.0587 25.6343 22.7475 25.4563 22.4617C26.2034 20.4621 27.4373 18.512 28.6772 16.7726C27.4916 14.214 26.6941 12.1839 26.455 11.5614L26.4409 11.5241C26.2364 10.9821 26.2553 10.4027 26.4901 9.88401C26.7255 9.3656 27.1485 8.96912 27.681 8.76841C27.9229 8.67764 28.1754 8.63133 28.4319 8.63133C29.3145 8.63133 30.1164 9.18605 30.4274 10.0122C30.4349 10.032 30.4679 10.1195 30.5319 10.2845C30.6033 10.4668 30.71 10.7375 30.8491 11.0795C31.1006 11.7004 31.5128 12.6913 32.0476 13.8874C32.9766 15.9661 34.4411 19.0249 36.1446 21.7922C36.385 22.1828 36.482 22.6212 36.4537 23.0474C36.6674 23.0915 36.8843 23.1383 37.1056 23.1894C35.6491 19.6844 34.4515 16.3808 33.598 13.8796C33.1231 12.4892 32.7542 11.3465 32.5048 10.5535C32.3892 10.1862 32.3003 9.89821 32.2372 9.6913C32.1233 9.09355 31.8491 8.56254 31.3866 8.1803C29.9407 6.98556 27.1342 6.73805 24.8189 9.09085C21.654 12.3449 20.1641 14.7355 18.6174 19.2458C18.2252 20.755 18.4003 21.8554 18.8712 22.6854L18.2031 25.7311H23.5846C24.0126 24.6733 24.8293 23.8918 26.0171 23.3956L26.0167 23.3955Z" fill="#2B4666"/>
<path d="M26.5873 43.5827C26.7001 45.0503 27.9811 46.148 29.4485 46.0355C30.9159 45.9227 32.0138 44.6418 31.901 43.174C31.7798 41.6072 31.5909 40.1194 31.3563 38.7026H25.9473C26.2307 40.2249 26.4542 41.85 26.5871 43.5825L26.5873 43.5827Z" fill="#2B4666"/>
<path d="M14.455 42.8027C14.1398 44.2402 15.0494 45.6613 16.487 45.9769C16.6793 46.0192 16.8716 46.0394 17.0606 46.0394C18.2852 46.0394 19.3881 45.1903 19.6612 43.9449L20.8119 38.6982H15.3553L14.455 42.8027Z" fill="#2B4666"/>
<path d="M49.9677 22.255C52.5715 22.7399 54.289 25.244 53.8041 27.8479C53.319 30.4519 50.8151 32.1698 48.2112 31.6849C45.6076 31.1998 43.8898 28.6958 44.3749 26.0916C44.8598 23.4876 47.3637 21.7699 49.9674 22.2548" fill="#2B4666"/>
<path d="M23.4204 31.4872H27.0093H38.0952C40.7246 31.4872 42.5983 31.3448 42.9704 29.5065C43.3423 27.6681 42.2373 25.0767 39.0708 24.1436C38.111 23.8669 37.2285 23.6449 36.3822 23.4708C36.2447 23.9748 35.9254 24.4305 35.4465 24.7255C35.1104 24.9328 34.7244 25.0419 34.3309 25.0419H34.3305C33.5833 25.041 32.9038 24.6617 32.5131 24.0268C32.307 23.6912 32.1043 23.3523 31.905 23.0112C30.4808 23.0214 28.9722 23.1735 27.1918 23.4617C25.1671 23.9498 24.2609 24.9867 23.8829 26.1575H7.51856C6.04658 26.1575 4.85352 27.3508 4.85352 28.8223C4.85352 30.2942 6.04658 31.4871 7.51856 31.4871L23.4204 31.4872ZM22.1949 26.6283C26.0745 26.2714 29.8695 26.0909 33.4759 26.0909C37.1805 26.0909 39.3773 26.2862 39.6153 26.3088C40.7905 26.4232 41.65 27.4674 41.5364 28.6375C41.4294 29.7352 40.5181 30.5635 39.4167 30.5635C39.3476 30.5635 39.278 30.5599 39.2076 30.5533L39.1333 30.5468C39.0718 30.5415 38.9816 30.5333 38.8615 30.5251C38.6139 30.5059 38.2439 30.4813 37.757 30.4562C36.868 30.4097 35.404 30.3543 33.4758 30.3543C29.9975 30.3543 26.3331 30.5293 22.5844 30.874C22.5153 30.8798 22.451 30.8829 22.3868 30.8829C21.2801 30.8829 20.3685 30.0508 20.2664 28.9468C20.1585 27.7758 21.0238 26.7359 22.1945 26.6283L22.1949 26.6283Z" fill="#2B4666"/>
<path d="M22.3873 30.4565C22.4398 30.4565 22.4927 30.4539 22.5459 30.4492C26.9655 30.0429 30.6802 29.9275 33.476 29.9275C35.34 29.9275 36.7949 29.9787 37.7789 30.0297C38.2705 30.0549 38.6442 30.08 38.892 30.099C39.0156 30.1079 39.108 30.1158 39.1681 30.1212C39.2283 30.1261 39.2494 30.1283 39.2494 30.1283C40.1866 30.2198 41.0207 29.5337 41.1121 28.5958C41.203 27.6587 40.5171 26.8243 39.5795 26.7336V26.7332C39.5314 26.7287 37.3289 26.5161 33.4757 26.5161C30.5858 26.5161 26.7679 26.6355 22.2334 27.052C21.2953 27.1381 20.6048 27.9686 20.6908 28.9068C20.7727 29.7918 21.5157 30.4564 22.3872 30.4564L22.3873 30.4565Z" fill="#2B4666"/>
<path d="M32.8744 23.8029C33.1965 24.3263 33.7562 24.6148 34.3291 24.615C34.6339 24.615 34.9423 24.5333 35.2208 24.3621C36.0229 23.8683 36.273 22.8178 35.7796 22.0157C34.1339 19.3429 32.6841 16.3617 31.6565 14.062C31.1423 12.9119 30.7325 11.9311 30.4527 11.2411C30.3127 10.8964 30.2052 10.6239 30.1332 10.4396C30.0611 10.2546 30.0271 10.164 30.0271 10.1634C29.6951 9.28203 28.7113 8.83651 27.8299 9.16849C26.9482 9.50007 26.5025 10.4839 26.8345 11.3652C26.8572 11.4172 29.3515 18.0683 32.8744 23.8031L32.8744 23.8029Z" fill="#2B4666"/>
<path d="M56.5 33.5838C56.5 32.8772 55.9274 32.3047 55.2209 32.3047H1.77911C1.07273 32.3047 0.5 32.8773 0.5 33.5838V36.995C0.5 37.7014 1.07292 38.2741 1.77911 38.2741H3.61238V45.7215H5.95095V38.2741H51.0479V45.7215H53.3865V38.2741H55.22C55.9265 38.2741 56.4991 37.701 56.4991 36.995V33.5838H56.5Z" fill="#2B4666"/>
</svg>
